7.0220e-02
6.3250e-01
2.7422e-01
7.0579e-01
9.5131e-01
7.8575e-01
4.1722e-01
3.2752e-01
1.6402e-02
6.4582e-01
8.5187e-01
6.2942e-01
2.1784e-01
3.3880e-01
8.8980e-01
6.5812e-01
7.7396e-02
9.7386e-02
4.6386e-01
8.4931e-01
2.4910e-01
5.7868e-01
2.8754e-01
2.8344e-01
8.7494e-01
5.2281e-02
9.7027e-01
8.0010e-01
3.4700e-01
7.0682e-01
3.0343e-01
2.4141e-01
4.3772e-01
3.7007e-01
1.2968e-01
5.5869e-02
7.0272e-01
8.9493e-01
4.1876e-01
3.5572e-01
1.9990e-01
6.7658e-01
4.1568e-01
2.9933e-01
8.3291e-01
6.1507e-01
2.8806e-01
9.5951e-01
6.0277e-01
6.2532e-02
4.9154e-01
3.5674e-01
5.5202e-01
1.3224e-01
4.3619e-01
3.4188e-01
9.4618e-01
2.5115e-02
1.3890e-01
2.2501e-01
8.0369e-01
7.9446e-02
8.0164e-01
3.7519e-01
8.9031e-01
3.3419e-01
8.0523e-01
1.0764e-01
9.8514e-01
4.0595e-01
4.5413e-01
4.1005e-03
4.2030e-01
3.8391e-01
3.8339e-01
7.0733e-01
9.7950e-01
9.6925e-01
4.4798e-01
8.9134e-01
6.8631e-01
2.6089e-01
1.2814e-01
2.7678e-02
5.1922e-01
8.6417e-01
8.5495e-01
6.8580e-01
5.8483e-01
4.0031e-01
1.7427e-02
9.9795e-01
3.0753e-01
6.4992e-01
2.6038e-01
4.5208e-01
2.9985e-01
5.0897e-01
3.4290e-01
2.9831e-01
4.8078e-01
1.5941e-01
2.6756e-01
9.1697e-01
4.8949e-01
6.5249e-01
6.4070e-01
9.1235e-02
3.5110e-01
1.1533e-01
1.2609e-01
3.2342e-01
6.0789e-01
8.2317e-01
7.6986e-01
4.5925e-01
7.6474e-01
6.9862e-01
4.8642e-01
5.9610e-01
2.7371e-01
2.9728e-02
2.2348e-01
7.7550e-01
8.9595e-01
7.7089e-01
8.1138e-01
2.2040e-01
7.1912e-01
5.2896e-01
7.0938e-01
6.8375e-01
8.8057e-01
4.8898e-01
9.7642e-01
9.1287e-01
8.0984e-02
8.2983e-01
5.5869e-01
9.2107e-01
8.9800e-01
4.7514e-01
7.2271e-01
2.6140e-01
8.0420e-01
7.5551e-01
5.2947e-01
3.8544e-01
4.1158e-01
8.9083e-01
1.0251e-02
5.3306e-01
1.1789e-01
5.0641e-01
9.6258e-01
6.5915e-01
4.2952e-01
5.5305e-01
4.8437e-01
8.9185e-01
3.6238e-01
9.8872e-01
1.3839e-01
5.4895e-01
7.5859e-02
6.9195e-02
2.8037e-01
8.1855e-01
6.8529e-01
9.0876e-01
6.7248e-01
7.1758e-03
4.7668e-01
7.5090e-01
4.4490e-01
8.3496e-01
3.1932e-01
1.9938e-01
5.1256e-04
6.8785e-01
2.8908e-01
3.1164e-01
5.8432e-02
8.3034e-02
5.3409e-01
4.7002e-01
9.6207e-01
9.8309e-01
7.0169e-01
5.4280e-01
9.6310e-01
3.3521e-01
1.5736e-01
5.6330e-01
5.6381e-03
4.4849e-01
5.6740e-01
4.1415e-01
2.7114e-01
6.4941e-01
5.8432e-01
7.2424e-01
2.8960e-01
9.8770e-01
7.8626e-01
9.3285e-02
5.5356e-02
2.6653e-02
1.6709e-01
4.0851e-01
8.3444e-01
6.4326e-01
4.7155e-01
9.9026e-01
1.6658e-01
7.3244e-01
1.0661e-01
6.3301e-01
9.5028e-01
4.3362e-01
9.6156e-01
3.0702e-01
9.7386e-01
5.3255e-01
4.4182e-01
7.7858e-01
9.5233e-01
1.3788e-01
8.7289e-01
3.4803e-01
5.8944e-02
7.5910e-01
2.6192e-01
4.8027e-01
4.8334e-01
5.3972e-01
9.0671e-01
9.6822e-01
9.5848e-02
4.3567e-01
6.6581e-01
2.1835e-01
1.4864e-02
6.1763e-01
6.6838e-01
5.9867e-01
6.5402e-01
6.6889e-01
2.7473e-01
3.8186e-01
6.7914e-01
7.9600e-01
9.3849e-01
8.8416e-01
2.2142e-01
7.1246e-02
9.8462e-01
7.2988e-01
7.2629e-01
9.9385e-01
8.9903e-01
8.2727e-01
1.7837e-01
2.8191e-01
8.4675e-01
8.6879e-01
9.3952e-01
2.3629e-01
6.7709e-01
9.1748e-02
2.7166e-02
8.4316e-01
1.3634e-01
8.4470e-01
1.6453e-01
2.8191e-02
1.9528e-01
5.9200e-01
8.6520e-01
2.0707e-01
1.4147e-01
6.0533e-01
4.4285e-01
1.3070e-01
4.0800e-01
1.5838e-01
9.1543e-01
4.6130e-01
4.6899e-01
6.0994e-01
5.2742e-01
6.8119e-01
5.0026e-01
8.4982e-01
9.2517e-01
3.0651e-01
2.9780e-01
8.0472e-01
4.3157e-01
2.5730e-01
3.9569e-01
9.3285e-01
4.4746e-01
2.1527e-01
9.5848e-01
2.5064e-01
6.0687e-01
4.7104e-01
3.1420e-01
4.3875e-01
7.2219e-01
5.8534e-01
7.6371e-02
7.4526e-01
8.2009e-03
8.2881e-01
2.0656e-01
4.6540e-01
8.7750e-01
4.3260e-01
6.0943e-01
8.5136e-01
9.5336e-01
4.9001e-01
3.2855e-01
3.6853e-01
1.0149e-01
8.7237e-01
6.7196e-01
3.3111e-01
7.4885e-01
7.4065e-01
9.2363e-01
2.7832e-01
1.1430e-01
7.7396e-01
8.6776e-01
5.8739e-01
7.8063e-01
6.5659e-01
4.9206e-02
9.1389e-01
4.3311e-01
2.8549e-01
5.7919e-01
9.6361e-01
1.1276e-02
8.8519e-01
5.7355e-01
5.2691e-01
5.1256e-03
7.7242e-01
8.3957e-01
4.0390e-01
7.4987e-01
9.2773e-02
3.7929e-01
2.9882e-01
1.5684e-01
8.8724e-01
2.7781e-01
4.3824e-01
4.6130e-02
8.5751e-01
6.6120e-02
2.2399e-01
4.5156e-01
6.2378e-01
7.8114e-01
3.3265e-01
7.7704e-01
9.2414e-01
9.5438e-01
8.4213e-01
7.8421e-01
3.8903e-01
1.4403e-01
9.8565e-01
8.2009e-02
1.8196e-01
1.4352e-02
9.4157e-01
9.4054e-01
5.8842e-01
1.3275e-01
1.1225e-01
6.9708e-02
9.5643e-01
5.4639e-01
6.9554e-01
4.3004e-01
2.2911e-01
2.1220e-01
9.0210e-01
8.8365e-01
5.4536e-01
3.4341e-01
9.7437e-01
2.0861e-01
1.6966e-01
7.8883e-01
4.7360e-01
6.9452e-01
7.7909e-02
7.7345e-01
1.9170e-01
8.5956e-01
7.7037e-01
1.3532e-01
4.9257e-01
7.0887e-01
7.6884e-03
1.5274e-01
4.7873e-01
4.5515e-01
3.5623e-01
8.7596e-01
4.0441e-01
4.2594e-01
8.2060e-01
3.8954e-01
8.2009e-01
7.1348e-01
9.2260e-02
7.0323e-01
5.7099e-01
1.4659e-01
3.6597e-01
7.2117e-01
2.3321e-01
6.2071e-01
7.2476e-01
9.6566e-01
7.1553e-01
7.9651e-01
6.1456e-01
6.1199e-01
2.3168e-01
5.9252e-01
5.4126e-01
9.3491e-01
1.5172e-01
1.2660e-01
9.9949e-01
3.3573e-01
8.3342e-01
2.9113e-01
1.5889e-02
9.6976e-01
1.2404e-01
6.1917e-01
6.9657e-01
7.8216e-01
6.8478e-01
2.3270e-01
9.4464e-01
9.9692e-01
9.5541e-01
1.9426e-01
2.3988e-01
4.0953e-01
1.8657e-01
9.8924e-02
4.9206e-01
3.2804e-02
2.7986e-01
1.4249e-01
9.5746e-01
8.9851e-01
1.5120e-01
4.5054e-01
2.7166e-01
3.2547e-01
3.1215e-01
7.3450e-01
8.1087e-01
5.4434e-01
9.9129e-01
5.1871e-01
1.8811e-01
1.2711e-01
6.7555e-01
6.3557e-02
8.4367e-01
8.1240e-01
5.7253e-01
1.7478e-01
5.4946e-01
7.5192e-01
7.9703e-01
2.9062e-01
3.3983e-01
2.4193e-01
1.1379e-01
9.7899e-02
1.3993e-01
5.7714e-01
2.5935e-01
9.9949e-02
8.4418e-01
4.8847e-01
3.0036e-01
1.8503e-01
7.0733e-02
3.0856e-01
2.0502e-03
7.1604e-01
4.7258e-01
3.4239e-01
6.2225e-01
7.5295e-01
1.4915e-01
7.4628e-01
3.6033e-01
2.8447e-01
2.2706e-01
5.0794e-01
9.9077e-01
8.4264e-01
4.6028e-01
1.1686e-01
1.5428e-01
5.0692e-01
6.3865e-01
3.8698e-01
4.3977e-01
7.4321e-02
4.1005e-02
9.6873e-02
7.8780e-01
1.2148e-01
2.3885e-01
5.7406e-02
7.3091e-01
7.8421e-02
4.4951e-01
9.1953e-01
8.6981e-01
2.9165e-01
6.9195e-01
6.9759e-01
1.3429e-01
1.4044e-01
2.5320e-01
9.8719e-01
1.1020e-01
3.6545e-01
4.5105e-02
5.0538e-01
6.1046e-01
2.0349e-01
4.0902e-01
5.1051e-01
3.7109e-01
4.8180e-01
5.1153e-01
7.2322e-01
9.3747e-01
5.3203e-01
7.6576e-01
5.0743e-02
9.4208e-01
6.1661e-01
3.1625e-01
1.4300e-01
6.3352e-01
6.2635e-01
1.6146e-01
9.7181e-01
8.2829e-01
5.3050e-01
7.3757e-01
8.6725e-01
9.1133e-01
5.2793e-02
6.4634e-01
5.2793e-01
3.5725e-01
2.2809e-01
8.6007e-01
4.4644e-01
8.6315e-01
5.0282e-01
2.3014e-01
5.6433e-01
3.5777e-01
9.0415e-01
5.8790e-01
4.5669e-01
3.8442e-01
5.9457e-02
4.3516e-01
9.8975e-01
4.9052e-01
4.6130e-03
9.6361e-02
1.1174e-01
3.9364e-01
2.2860e-01
5.3614e-01
1.7427e-01
8.7340e-01
2.4090e-02
7.8678e-01
7.6935e-01
7.8319e-01
3.6904e-02
6.8836e-01
9.6515e-01
3.9467e-02
6.8683e-02
6.0431e-01
9.0723e-02
6.7504e-01
3.8749e-01
1.1584e-01
8.0215e-01
5.1256e-02
6.1814e-01
3.4444e-01
3.2650e-01
6.6427e-01
1.9016e-01
8.3137e-01
5.8688e-01
1.0456e-01
9.2875e-01
3.8954e-02
3.9262e-01
8.7647e-01
8.0472e-02
1.5377e-01
8.3086e-01
9.1081e-01
3.7673e-01
9.1850e-01
5.1768e-01
8.3598e-01
6.7145e-01
6.5505e-01
2.1015e-02
7.3039e-01
4.0236e-01
7.2168e-01
9.0928e-01
3.4854e-01
7.3501e-01
4.8693e-01
2.7217e-01
1.5377e-03
3.9979e-02
7.4475e-01
3.3214e-01
1.0097e-01
1.9631e-01
9.4413e-01
3.2086e-01
2.2758e-01
1.8401e-01
7.1861e-01
8.5290e-01
9.8155e-01
6.7350e-01
3.5930e-01
9.3234e-01
7.7140e-01
4.8744e-01
9.4823e-01
7.2937e-01
5.0231e-02
2.6602e-01
8.8877e-01
3.0600e-01
6.2173e-01
7.6884e-02
4.2132e-01
7.3603e-01
8.3906e-01
7.2783e-01
2.2040e-02
8.2522e-02
8.5802e-01
7.4218e-01
9.5182e-01
4.6181e-01
1.4505e-01
3.3778e-01
5.3767e-01
2.0246e-01
5.6894e-02
5.4844e-02
3.5059e-01
4.3926e-01
3.9826e-01
3.1317e-01
8.6622e-02
2.6653e-01
5.6484e-01
3.3829e-02
6.3198e-01
5.9815e-01
9.7796e-01
9.4106e-01
2.6448e-01
8.6058e-01
1.2250e-01
5.9098e-01
5.1307e-01
7.5141e-01
1.2096e-01
5.6279e-01
3.2957e-01
7.2066e-01
5.5715e-01
8.9288e-01
7.1451e-01
4.4439e-01
1.5889e-01
5.9149e-01
1.8913e-01
4.7924e-01
1.3121e-01
8.4059e-02
8.8621e-01
9.2568e-01
9.8257e-01
2.5628e-02
8.1497e-01
9.5284e-01
8.1394e-01
6.0072e-01
3.5828e-01
5.8022e-01
3.1574e-01
4.6694e-01
9.0569e-01
6.1609e-01
6.4018e-01
4.1517e-01
6.2327e-01
1.0507e-01
6.0482e-01
7.6679e-01
4.0287e-01
3.9774e-01
6.3711e-01
3.5879e-01
2.5628e-01
4.3567e-02
4.7719e-01
4.2696e-01
1.7273e-01
8.4521e-01
8.4059e-01
7.5602e-01
2.0554e-01
1.1328e-01
4.2183e-01
4.1210e-01
5.6689e-01
7.3808e-01
5.4331e-01
6.3916e-01
6.3045e-02
1.6761e-01
8.4572e-02
5.6228e-01
6.5351e-01
9.9282e-01
5.4690e-01
3.7160e-01
1.5787e-01
2.3936e-01
7.3347e-01
4.5874e-01
8.8672e-02
9.7078e-01
4.7617e-01
7.4833e-02
7.1707e-01
8.2471e-01
7.9805e-01
6.4275e-01
7.9549e-01
2.6243e-01
1.5633e-01
2.1117e-01
5.4997e-01
4.2799e-01
5.2486e-01
3.0087e-01
8.6110e-01
7.9856e-01
3.1881e-01
5.2332e-01
2.7268e-01
6.7760e-01
7.6781e-01
7.5500e-01
8.5341e-01
6.5761e-01
4.0133e-01
3.6955e-01
4.5361e-01
3.2804e-01
6.9247e-01
3.7365e-01
8.6212e-01
1.5069e-01
7.7447e-01
5.4382e-01
3.1522e-01
7.9088e-01
1.7786e-01
6.0584e-01
1.1891e-01
8.5853e-01
4.1825e-01
6.7965e-01
4.7207e-01
6.6632e-01
8.9441e-01
7.4270e-01
6.2788e-01
1.8965e-01
1.5530e-01
8.5905e-01
9.4311e-02
4.0748e-01
4.8232e-01
1.8760e-01
4.5105e-01
9.4772e-01
5.3306e-02
3.2240e-01
2.5577e-01
3.6750e-01
7.4936e-01
4.1671e-01
6.5146e-01
2.8857e-01
6.3557e-01
3.3060e-01
7.2783e-02
1.2814e-02
9.1338e-01
7.5705e-01
5.5766e-01
5.6894e-01
4.4234e-01
4.5464e-01
6.8016e-01
1.4813e-01
3.9416e-01
9.0466e-01
2.6397e-01
1.8452e-01
3.9467e-01
5.8073e-01
9.9180e-01
1.9477e-01
9.1594e-01
1.3737e-01
1.9682e-01
6.2019e-01
4.8693e-02
2.3783e-01
7.0528e-01
2.7524e-01
5.7919e-02
4.0697e-01
8.0625e-01
4.5976e-01
4.4080e-01
4.2645e-01
4.9667e-01
1.1738e-01
8.3034e-01
2.3475e-01
6.4890e-01
9.0825e-01
9.9641e-01
2.7934e-01
4.6643e-01
2.2963e-01
8.8826e-01
6.2993e-01
8.9390e-01
6.6632e-02
9.0005e-01
1.7940e-01
6.3403e-01
3.0241e-01
8.8929e-01
9.8206e-01
3.4956e-01
8.7135e-02
9.4259e-01
2.9267e-01
4.4080e-02
1.5325e-01
1.5479e-01
1.8298e-01
3.6648e-01
3.9723e-01
9.6105e-01
6.3096e-01
2.4603e-01
5.2230e-01
9.2055e-01
2.2194e-01
7.4731e-01
7.1246e-01
7.4013e-01
2.4757e-01
5.5049e-01
1.0405e-01
2.5269e-01
3.1112e-01
3.8237e-01
3.5520e-01
5.2383e-01
9.4874e-01
4.0543e-01
7.7806e-01
2.7627e-01
4.1005e-01
8.6263e-01
8.2676e-01
5.0231e-01
5.5407e-01
8.3649e-01
3.4751e-01
3.8288e-01
3.1266e-02
2.5167e-01
9.5900e-01
9.2670e-01
3.3470e-01
4.8129e-01
8.3547e-01
9.9539e-01
9.2722e-01
1.0764e-02
2.0912e-01
8.4572e-01
5.1666e-01
4.8385e-01
2.1579e-01
6.3455e-01
9.7847e-01
6.1712e-01
9.9231e-01
8.7084e-01
6.4377e-01
1.4762e-01
7.1809e-01
1.7683e-01
2.5372e-01
6.6325e-01
8.3803e-01
3.7570e-01
5.6638e-01
6.2019e-02
8.1548e-01
6.2891e-01
5.4177e-01
6.1097e-01
8.7955e-01
1.3685e-01
5.2076e-01
8.9236e-01
3.8442e-02
7.1656e-01
1.4864e-01
7.0220e-02
6.3250e-01
2.7422e-01
7.0579e-01
9.5131e-01
7.8575e-01
4.1722e-01
3.2752e-01
1.6402e-02
6.4582e-01
8.5187e-01
6.2942e-01
2.1784e-01
3.3880e-01
8.8980e-01
6.5812e-01
7.7396e-02
9.7386e-02
4.6386e-01
8.4931e-01
2.4910e-01
5.7868e-01
2.8754e-01
2.8344e-01
8.7494e-01
